# L=8 N=8  Task2 precise: canonical N=L
# therm=2000000  nmeas=100000000  nbin=200
# T  E/N  err_E/N  Cv/N  err_Cv/N  accept_rate  E_total  tau_int
0.050000  0.00000000  0.00000000  0.00000000  0.00000000  0.000000  0.0000  0.5
0.075000  0.00000692  0.00000184  0.00122971  0.00032672  0.000001  0.0001  185.1
0.100000  0.00026803  0.00001752  0.02678453  0.00174444  0.000029  0.0021  336.3
0.125000  0.00208869  0.00004451  0.13395537  0.00281032  0.000234  0.0167  347.2
0.150000  0.00834843  0.00008684  0.37081240  0.00365418  0.000975  0.0668  362.6
0.175000  0.02136952  0.00012581  0.69736247  0.00363181  0.002729  0.1710  309.3
0.200000  0.04335480  0.00016448  1.06715325  0.00316800  0.006241  0.3468  244.1
0.225000  0.07439142  0.00017035  1.39574748  0.00201748  0.012349  0.5951  179.4
0.250000  0.11231257  0.00016898  1.61049790  0.00144069  0.021487  0.8985  123.1
0.275000  0.15351039  0.00016721  1.68722930  0.00130996  0.033577  1.2281  84.5
0.300000  0.19590361  0.00015596  1.66617279  0.00131292  0.048337  1.5672  57.3
0.325000  0.23662148  0.00012579  1.58583815  0.00122151  0.064904  1.8930  38.2
0.350000  0.27475390  0.00011491  1.48417747  0.00107080  0.082659  2.1980  27.1
0.375000  0.31067046  0.00009340  1.37601211  0.00092616  0.101267  2.4854  19.6
0.400000  0.34374646  0.00008946  1.27509618  0.00082275  0.120201  2.7500  14.9
0.425000  0.37446728  0.00007884  1.18228814  0.00059099  0.139222  2.9957  11.8
0.450000  0.40305709  0.00006661  1.09980675  0.00048463  0.158205  3.2245  9.8
0.475000  0.42960561  0.00006269  1.02612171  0.00042404  0.176902  3.4368  8.5
0.500000  0.45446177  0.00005691  0.96083462  0.00036512  0.195348  3.6357  7.6
0.550000  0.49955095  0.00005243  0.84789047  0.00026207  0.230790  3.9964  6.4
0.600000  0.53964244  0.00004869  0.75604065  0.00021347  0.264460  4.3171  5.8
0.700000  0.60773647  0.00004234  0.61504229  0.00014479  0.325631  4.8619  5.3
0.800000  0.66392196  0.00004198  0.51232998  0.00011075  0.379249  5.3114  5.1
0.900000  0.71110574  0.00003671  0.43430395  0.00008893  0.426083  5.6888  5.0
1.000000  0.75126695  0.00003522  0.37323700  0.00007576  0.466969  6.0101  5.0
1.500000  0.88828779  0.00003454  0.20123288  0.00003280  0.610624  7.1063  5.0
2.000000  0.96771277  0.00003070  0.12551956  0.00002054  0.695112  7.7417  5.0
3.000000  1.05600410  0.00003057  0.06210028  0.00000987  0.788417  8.4480  5.0
5.000000  1.13392616  0.00003245  0.02436885  0.00000369  0.869326  9.0714  5.0
10.000000  1.19683099  0.00003436  0.00649660  0.00000098  0.933344  9.5746  5.0
