# L=32 N=32  Task2 peak region: T=0.200~0.300 step 0.001 (new points only)
# therm=2000000  nmeas=100000000  nbin=200
# T  E/N  err_E/N  Cv/N  err_Cv/N  accept_rate  E_total  tau_int
0.201000  0.11024141  0.00010930  1.59345961  0.00393675  0.006950  3.5277  301.5
0.202000  0.11192327  0.00010266  1.58367778  0.00388421  0.007143  3.5815  285.0
0.203000  0.11332003  0.00010388  1.59055909  0.00379711  0.007314  3.6262  276.8
0.204000  0.11494143  0.00010274  1.60458822  0.00378042  0.007521  3.6781  273.8
0.205000  0.11666596  0.00009612  1.59795367  0.00380734  0.007724  3.7333  262.6
0.206000  0.11813188  0.00009886  1.60118053  0.00405062  0.007911  3.7802  263.8
0.207000  0.11973548  0.00010488  1.60524303  0.00434667  0.008110  3.8315  247.4
0.208000  0.12126158  0.00010456  1.61121679  0.00383853  0.008319  3.8804  242.2
0.209000  0.12301067  0.00010673  1.60537237  0.00365090  0.008537  3.9363  232.8
0.210000  0.12457317  0.00010107  1.61200117  0.00363055  0.008746  3.9863  226.8
0.211000  0.12618434  0.00010082  1.61043035  0.00356038  0.008959  4.0379  215.5
0.212000  0.12791885  0.00009066  1.60813572  0.00317210  0.009192  4.0934  206.9
0.213000  0.12943225  0.00009693  1.61170390  0.00323110  0.009400  4.1418  201.4
0.214000  0.13092078  0.00010207  1.62106432  0.00354684  0.009619  4.1895  199.2
0.215000  0.13252419  0.00010089  1.61919245  0.00351718  0.009840  4.2408  190.7
0.216000  0.13429116  0.00009348  1.62039435  0.00341170  0.010096  4.2973  185.9
0.217000  0.13584479  0.00009563  1.62090021  0.00337732  0.010318  4.3470  182.1
0.218000  0.13743420  0.00009540  1.62303475  0.00326849  0.010552  4.3979  174.0
0.219000  0.13894779  0.00009109  1.62016548  0.00317748  0.010781  4.4463  168.8
0.220000  0.14080368  0.00008717  1.62625960  0.00308576  0.011055  4.5057  167.6
0.221000  0.14232867  0.00009150  1.62706759  0.00282015  0.011289  4.5545  160.9
0.222000  0.14392478  0.00009260  1.62435549  0.00297947  0.011536  4.6056  159.2
0.223000  0.14569602  0.00008943  1.62139999  0.00310054  0.011808  4.6623  152.5
0.224000  0.14737910  0.00009617  1.62649478  0.00286169  0.012077  4.7161  151.7
0.226000  0.15028939  0.00008266  1.63234685  0.00308967  0.012552  4.8093  143.5
0.227000  0.15205147  0.00008514  1.63067668  0.00264752  0.012839  4.8656  138.8
0.228000  0.15363977  0.00008793  1.62943517  0.00243783  0.013105  4.9165  135.7
0.229000  0.15534826  0.00008273  1.62606516  0.00303847  0.013388  4.9711  132.4
0.230000  0.15704611  0.00008636  1.62864381  0.00262357  0.013675  5.0255  127.9
0.231000  0.15864152  0.00008149  1.62539916  0.00253350  0.013954  5.0765  125.3
0.232000  0.16014661  0.00008103  1.62937627  0.00263849  0.014223  5.1247  120.4
0.233000  0.16180211  0.00008093  1.62999196  0.00254166  0.014509  5.1777  119.8
0.234000  0.16341530  0.00008031  1.62604379  0.00252659  0.014797  5.2293  116.1
0.235000  0.16511303  0.00007785  1.62802256  0.00246087  0.015099  5.2836  112.1
0.236000  0.16665404  0.00007615  1.63075609  0.00242903  0.015382  5.3329  112.0
0.237000  0.16851801  0.00008398  1.62644810  0.00255805  0.015716  5.3926  107.1
0.238000  0.17012421  0.00008466  1.62684672  0.00242759  0.016021  5.4440  105.6
0.239000  0.17155896  0.00007707  1.62834416  0.00229434  0.016297  5.4899  102.7
0.240000  0.17327833  0.00007588  1.62979296  0.00250483  0.016622  5.5449  101.9
0.241000  0.17481752  0.00007753  1.62577794  0.00247450  0.016917  5.5942  99.6
0.242000  0.17647341  0.00007271  1.62437183  0.00229938  0.017235  5.6471  94.5
0.243000  0.17819287  0.00007112  1.62262284  0.00213400  0.017566  5.7022  93.3
0.244000  0.17988882  0.00007128  1.62322930  0.00218675  0.017909  5.7564  91.8
0.245000  0.18130217  0.00006710  1.62315149  0.00222360  0.018193  5.8017  90.5
0.246000  0.18316209  0.00007565  1.62373272  0.00206622  0.018568  5.8612  87.7
0.247000  0.18468181  0.00007689  1.61684378  0.00210372  0.018883  5.9098  84.9
0.248000  0.18635370  0.00006795  1.61928643  0.00221143  0.019217  5.9633  84.5
0.249000  0.18793735  0.00007755  1.61873692  0.00211763  0.019558  6.0140  82.8
0.251000  0.19121165  0.00006897  1.61684338  0.00189865  0.020233  6.1188  79.2
0.252000  0.19276888  0.00007237  1.61556274  0.00203670  0.020583  6.1686  77.3
0.253000  0.19445281  0.00006740  1.61348775  0.00227217  0.020936  6.2225  75.3
0.254000  0.19606418  0.00006436  1.61096653  0.00223174  0.021297  6.2741  75.1
0.255000  0.19744454  0.00006781  1.61582782  0.00179337  0.021609  6.3182  72.5
0.256000  0.19925291  0.00006392  1.60825868  0.00186817  0.022002  6.3761  70.6
0.257000  0.20081233  0.00006974  1.61091923  0.00188188  0.022363  6.4260  70.3
0.258000  0.20249862  0.00006203  1.60588260  0.00187059  0.022741  6.4800  68.6
0.259000  0.20396560  0.00006645  1.60342844  0.00187825  0.023080  6.5269  66.8
0.260000  0.20569127  0.00006130  1.60389128  0.00196703  0.023474  6.5821  65.3
0.261000  0.20720461  0.00006907  1.60208638  0.00176066  0.023826  6.6305  64.3
0.262000  0.20884736  0.00006144  1.59964905  0.00195814  0.024212  6.6831  63.2
0.263000  0.21034452  0.00006926  1.60242167  0.00174921  0.024579  6.7310  62.9
0.264000  0.21201266  0.00006943  1.60147099  0.00183863  0.024966  6.7844  61.4
0.265000  0.21367962  0.00006551  1.59404588  0.00183243  0.025370  6.8377  59.4
0.266000  0.21531072  0.00006543  1.59065771  0.00180837  0.025759  6.8899  58.5
0.267000  0.21694511  0.00006611  1.59265539  0.00188796  0.026161  6.9422  58.1
0.268000  0.21852005  0.00006112  1.58909732  0.00178524  0.026552  6.9926  56.6
0.269000  0.22001383  0.00006212  1.59001420  0.00182953  0.026939  7.0404  55.4
0.270000  0.22140330  0.00006669  1.58581072  0.00162534  0.027291  7.0849  54.3
0.271000  0.22320931  0.00006147  1.58615122  0.00162058  0.027740  7.1427  53.8
0.272000  0.22472494  0.00006010  1.58241750  0.00176822  0.028133  7.1912  52.4
0.273000  0.22639658  0.00006053  1.57963324  0.00166568  0.028559  7.2447  51.5
0.274000  0.22796744  0.00006146  1.57789603  0.00158803  0.028972  7.2950  50.4
0.276000  0.23108798  0.00005871  1.57336944  0.00162152  0.029792  7.3948  49.0
0.277000  0.23261861  0.00005871  1.57330912  0.00158892  0.030200  7.4438  48.1
0.278000  0.23424788  0.00006248  1.56950714  0.00156050  0.030637  7.4959  47.5
0.279000  0.23584843  0.00006368  1.56806863  0.00145976  0.031068  7.5471  46.8
0.280000  0.23745269  0.00006069  1.56499006  0.00150749  0.031507  7.5985  45.4
0.281000  0.23897708  0.00006087  1.56136398  0.00139479  0.031929  7.6473  44.9
0.282000  0.24039034  0.00005924  1.56193318  0.00151399  0.032334  7.6925  44.3
0.283000  0.24203926  0.00005686  1.55633762  0.00137740  0.032777  7.7453  43.3
0.284000  0.24352564  0.00005688  1.55630355  0.00149041  0.033206  7.7928  42.8
0.285000  0.24511318  0.00005566  1.55575718  0.00138269  0.033653  7.8436  42.3
0.286000  0.24676187  0.00006271  1.55429409  0.00120266  0.034123  7.8964  41.5
0.287000  0.24823854  0.00005633  1.54985855  0.00156009  0.034546  7.9436  40.8
0.288000  0.24993562  0.00005749  1.54538502  0.00134182  0.035024  7.9979  40.1
0.289000  0.25133730  0.00005499  1.54409647  0.00145008  0.035445  8.0428  39.5
0.290000  0.25294864  0.00005453  1.53953181  0.00131939  0.035913  8.0944  38.9
0.291000  0.25437041  0.00005200  1.53677497  0.00142261  0.036336  8.1399  38.5
0.292000  0.25593416  0.00005491  1.53452235  0.00129830  0.036802  8.1899  37.9
0.293000  0.25752391  0.00005747  1.53263752  0.00128520  0.037277  8.2408  37.1
0.294000  0.25911307  0.00005602  1.53263679  0.00141428  0.037762  8.2916  36.7
0.295000  0.26045920  0.00005267  1.52700420  0.00136327  0.038166  8.3347  36.1
0.296000  0.26195733  0.00005807  1.52678842  0.00136112  0.038633  8.3826  35.5
0.297000  0.26359190  0.00005453  1.52038626  0.00126047  0.039129  8.4349  34.9
0.298000  0.26525212  0.00005460  1.52105599  0.00121660  0.039635  8.4881  34.4
0.299000  0.26667487  0.00005009  1.51702381  0.00123490  0.040092  8.5336  33.9
