# L=8 N=8  Task2 peak region: T=0.200~0.300 step 0.001 (new points only)
# therm=2000000  nmeas=100000000  nbin=200
# T  E/N  err_E/N  Cv/N  err_Cv/N  accept_rate  E_total  tau_int
0.201000  0.04474509  0.00015784  1.08524177  0.00275140  0.006470  0.3580  240.6
0.202000  0.04547113  0.00017355  1.09787121  0.00310324  0.006624  0.3638  237.0
0.203000  0.04705030  0.00015831  1.11700456  0.00282582  0.006886  0.3764  238.9
0.204000  0.04757092  0.00016197  1.12554116  0.00287427  0.007014  0.3806  228.6
0.205000  0.04891617  0.00015689  1.13741663  0.00269672  0.007232  0.3913  227.8
0.206000  0.05021977  0.00018633  1.15518151  0.00303445  0.007469  0.4018  227.6
0.207000  0.05089951  0.00017876  1.16342810  0.00286540  0.007614  0.4072  225.8
0.208000  0.05255776  0.00017309  1.18584717  0.00280102  0.007914  0.4205  223.5
0.209000  0.05377388  0.00017275  1.19842463  0.00277307  0.008143  0.4302  222.6
0.210000  0.05462796  0.00016226  1.20570359  0.00243305  0.008306  0.4370  221.6
0.211000  0.05610078  0.00016650  1.22213815  0.00240807  0.008577  0.4488  215.7
0.212000  0.05740717  0.00017152  1.23680563  0.00263193  0.008829  0.4593  215.6
0.213000  0.05832995  0.00017389  1.24594079  0.00249830  0.009020  0.4666  207.9
0.214000  0.06029401  0.00015899  1.26765720  0.00213099  0.009371  0.4824  207.3
0.215000  0.06078620  0.00017544  1.27240115  0.00236095  0.009511  0.4863  205.7
0.216000  0.06236502  0.00015881  1.29011969  0.00222050  0.009826  0.4989  202.1
0.217000  0.06392810  0.00016751  1.30597771  0.00220681  0.010123  0.5114  204.4
0.218000  0.06518157  0.00017784  1.31695214  0.00234282  0.010381  0.5215  195.4
0.219000  0.06653707  0.00018324  1.32797678  0.00235566  0.010649  0.5323  194.6
0.220000  0.06735609  0.00018285  1.33492349  0.00232247  0.010842  0.5388  189.0
0.221000  0.06928827  0.00016795  1.35365609  0.00210629  0.011228  0.5543  188.3
0.222000  0.07028560  0.00017995  1.36128597  0.00212133  0.011444  0.5623  185.9
0.223000  0.07177784  0.00018003  1.37285625  0.00223550  0.011750  0.5742  184.7
0.224000  0.07325821  0.00018239  1.38520728  0.00230871  0.012063  0.5861  182.8
0.226000  0.07593614  0.00016112  1.40961656  0.00197962  0.012673  0.6075  176.8
0.227000  0.07723970  0.00018429  1.41711423  0.00209397  0.012948  0.6179  175.0
0.228000  0.07897511  0.00018233  1.43187994  0.00188825  0.013336  0.6318  171.6
0.229000  0.07997024  0.00017314  1.43619282  0.00206552  0.013566  0.6398  168.2
0.230000  0.08157971  0.00018161  1.44903050  0.00191848  0.013921  0.6526  166.5
0.231000  0.08279044  0.00017646  1.45811526  0.00207766  0.014217  0.6623  164.2
0.232000  0.08484163  0.00017875  1.46996066  0.00200559  0.014639  0.6787  163.6
0.233000  0.08642391  0.00018655  1.48197394  0.00177100  0.015006  0.6914  159.9
0.234000  0.08774690  0.00018576  1.48946539  0.00188311  0.015336  0.7020  155.8
0.235000  0.08889508  0.00018753  1.49803210  0.00181873  0.015628  0.7112  156.8
0.236000  0.09041470  0.00018558  1.50531501  0.00182406  0.015972  0.7233  154.8
0.237000  0.09171716  0.00019216  1.51470533  0.00170611  0.016307  0.7337  151.5
0.238000  0.09351743  0.00018373  1.52248170  0.00180654  0.016722  0.7481  152.1
0.239000  0.09478668  0.00017419  1.53134720  0.00162442  0.017041  0.7583  146.4
0.240000  0.09666322  0.00017872  1.53988241  0.00160829  0.017464  0.7733  144.9
0.241000  0.09825717  0.00017513  1.54781097  0.00163013  0.017869  0.7861  146.6
0.242000  0.09946779  0.00018847  1.55472832  0.00160081  0.018172  0.7957  141.6
0.243000  0.10132714  0.00018652  1.56228830  0.00150298  0.018632  0.8106  137.7
0.244000  0.10282666  0.00018136  1.56915527  0.00153639  0.019008  0.8226  135.0
0.245000  0.10429050  0.00018327  1.57583628  0.00162518  0.019391  0.8343  131.8
0.246000  0.10600507  0.00018437  1.58486514  0.00155171  0.019823  0.8480  132.1
0.247000  0.10742763  0.00020483  1.59440819  0.00146615  0.020240  0.8594  132.2
0.248000  0.10921538  0.00017717  1.59848853  0.00152138  0.020674  0.8737  129.8
0.249000  0.11057261  0.00017969  1.60316409  0.00147964  0.021033  0.8846  128.0
0.251000  0.11358852  0.00017508  1.61440676  0.00153745  0.021853  0.9087  123.8
0.252000  0.11545821  0.00017469  1.62139396  0.00138627  0.022347  0.9237  121.4
0.253000  0.11733196  0.00018234  1.62286795  0.00152361  0.022812  0.9387  119.3
0.254000  0.11855681  0.00018921  1.62936657  0.00138343  0.023199  0.9485  117.5
0.255000  0.12016337  0.00017797  1.63543704  0.00141088  0.023636  0.9613  116.0
0.256000  0.12187557  0.00016857  1.63922769  0.00140888  0.024099  0.9750  113.5
0.257000  0.12345453  0.00018328  1.64321123  0.00133177  0.024547  0.9876  115.8
0.258000  0.12548030  0.00016575  1.64768224  0.00127583  0.025099  1.0038  110.0
0.259000  0.12701703  0.00017762  1.65011863  0.00137497  0.025524  1.0161  108.2
0.260000  0.12861447  0.00018270  1.65500342  0.00129934  0.026005  1.0289  108.2
0.261000  0.13065035  0.00015950  1.65667794  0.00140124  0.026543  1.0452  104.6
0.262000  0.13225511  0.00015133  1.66461161  0.00133745  0.027038  1.0580  102.7
0.263000  0.13363114  0.00016460  1.66374571  0.00139030  0.027450  1.0690  100.9
0.264000  0.13524330  0.00015818  1.66819946  0.00131481  0.027940  1.0819  101.3
0.265000  0.13654028  0.00016176  1.67174540  0.00148128  0.028354  1.0923  98.6
0.266000  0.13849491  0.00017625  1.67522024  0.00136455  0.028923  1.1080  97.1
0.267000  0.14013131  0.00016122  1.67934964  0.00148372  0.029426  1.1211  96.0
0.268000  0.14188053  0.00016759  1.67898820  0.00128774  0.029924  1.1350  95.1
0.269000  0.14334007  0.00017169  1.68166801  0.00140989  0.030411  1.1467  91.4
0.270000  0.14532816  0.00017072  1.68112128  0.00143412  0.030979  1.1626  92.3
0.271000  0.14699125  0.00015483  1.68617981  0.00135705  0.031519  1.1759  90.3
0.272000  0.14869251  0.00017468  1.68414856  0.00132679  0.032031  1.1895  88.8
0.273000  0.15034429  0.00017234  1.68785424  0.00125917  0.032564  1.2028  88.2
0.274000  0.15233052  0.00015691  1.68896562  0.00135667  0.033154  1.2186  85.4
0.276000  0.15535666  0.00016446  1.69068307  0.00140458  0.034171  1.2429  83.0
0.277000  0.15735309  0.00014908  1.68982267  0.00133737  0.034788  1.2588  81.6
0.278000  0.15889036  0.00015453  1.69001499  0.00134648  0.035287  1.2711  80.3
0.279000  0.16044395  0.00016148  1.69088752  0.00131725  0.035818  1.2836  78.1
0.280000  0.16223111  0.00015336  1.69142154  0.00132738  0.036403  1.2978  78.0
0.281000  0.16401352  0.00016076  1.69150931  0.00142965  0.036998  1.3121  76.2
0.282000  0.16569132  0.00016430  1.69021108  0.00146112  0.037562  1.3255  74.8
0.283000  0.16716576  0.00013829  1.69014587  0.00135219  0.038068  1.3373  74.0
0.284000  0.16869550  0.00015354  1.69117404  0.00140246  0.038617  1.3496  73.6
0.285000  0.17084920  0.00016405  1.68901289  0.00139239  0.039301  1.3668  71.6
0.286000  0.17240808  0.00015302  1.69027700  0.00136503  0.039849  1.3793  71.1
0.287000  0.17399131  0.00015496  1.68874039  0.00142242  0.040415  1.3919  69.8
0.288000  0.17584362  0.00015957  1.68709250  0.00136621  0.041047  1.4067  68.1
0.289000  0.17730023  0.00015103  1.68588263  0.00131439  0.041573  1.4184  67.6
0.290000  0.17881379  0.00014822  1.68668684  0.00131936  0.042135  1.4305  67.0
0.291000  0.18083111  0.00014622  1.68477628  0.00133528  0.042819  1.4466  64.6
0.292000  0.18251361  0.00016106  1.68164970  0.00137769  0.043411  1.4601  64.7
0.293000  0.18411158  0.00014638  1.68004157  0.00136514  0.043992  1.4729  62.8
0.294000  0.18560089  0.00015142  1.68060559  0.00121764  0.044554  1.4848  62.5
0.295000  0.18752823  0.00014948  1.67682745  0.00136731  0.045224  1.5002  61.1
0.296000  0.18931568  0.00015045  1.67531069  0.00138324  0.045876  1.5145  60.2
0.297000  0.19098990  0.00014601  1.67233094  0.00130625  0.046495  1.5279  59.1
0.298000  0.19250085  0.00013876  1.67381621  0.00118713  0.047096  1.5400  58.9
0.299000  0.19432322  0.00015510  1.66711787  0.00124423  0.047724  1.5546  57.7
