# L=512 N=512  Large-scale thermodynamic integration
# Generated: Mon Mar 23 21:13:24     2026
# T  E/N  err_E/N  Cv/N  err_Cv/N  accept_rate  E_total  tau_int
0.050000  0.00001357  0.00001046  0.00539195  0.00414656  0.000000  0.0070  32077.3
0.062500  0.00009159  0.00002888  0.02234766  0.00673390  0.000000  0.0469  47440.3
0.075000  0.00101820  0.00008893  0.14846543  0.01362936  0.000001  0.5213  47991.7
0.087500  0.00401785  0.00014161  0.28945923  0.02377268  0.000008  2.0571  44264.5
0.100000  0.00922997  0.00019654  0.53050789  0.03965929  0.000033  4.7257  31635.0
0.105000  0.01170642  0.00008622  0.59136961  0.01427929  0.000051  5.9937  25304.6
0.110000  0.01504377  0.00007936  0.63635437  0.01231070  0.000082  7.7024  17739.1
0.115000  0.01841891  0.00007116  0.75305742  0.01251145  0.000120  9.4305  13854.2
0.120000  0.02218454  0.00006131  0.78652883  0.01015137  0.000171  11.3585  9063.4
0.125000  0.02657816  0.00006067  0.89563805  0.01079783  0.000244  13.6080  6416.3
0.130000  0.03108627  0.00005436  0.95352837  0.00869622  0.000332  15.9162  4833.3
0.135000  0.03614520  0.00005177  1.03213174  0.00922403  0.000447  18.5063  3678.8
0.140000  0.04133814  0.00004438  1.10005713  0.00768846  0.000586  21.1651  2627.6
0.145000  0.04692894  0.00004777  1.15132782  0.00760551  0.000757  24.0276  2157.3
0.150000  0.05281226  0.00004235  1.19124085  0.00673204  0.000960  27.0399  1582.3
0.155000  0.05892597  0.00003591  1.25007672  0.00622736  0.001201  30.1701  1261.2
0.160000  0.06530770  0.00003764  1.29761588  0.00582698  0.001486  33.4375  1022.4
0.165000  0.07195013  0.00003412  1.34776808  0.00613226  0.001816  36.8385  861.0
0.170000  0.07874549  0.00003172  1.39324582  0.00507890  0.002194  40.3177  706.6
0.175000  0.08580326  0.00002958  1.42508595  0.00438656  0.002626  43.9313  564.5
0.180000  0.09305753  0.00002872  1.46350011  0.00476116  0.003117  47.6455  481.1
0.185000  0.10036159  0.00003040  1.49141942  0.00432377  0.003660  51.3851  401.8
0.190000  0.10793287  0.00002545  1.52217535  0.00385687  0.004275  55.2616  339.3
0.195000  0.11556092  0.00002539  1.53576094  0.00344037  0.004950  59.1672  300.5
0.200000  0.12326956  0.00002425  1.56220738  0.00362830  0.005690  63.1140  251.8
0.205000  0.13110733  0.00002130  1.57348595  0.00306647  0.006504  67.1270  219.3
0.210000  0.13900855  0.00002384  1.59295952  0.00288106  0.007387  71.1724  194.1
0.215000  0.14698963  0.00002207  1.60234746  0.00250689  0.008344  75.2587  169.9
0.220000  0.15507585  0.00002115  1.60811229  0.00268665  0.009382  79.3988  148.9
0.225000  0.16316398  0.00002084  1.61621120  0.00235291  0.010494  83.5400  130.4
0.230000  0.17126759  0.00001924  1.61878714  0.00249989  0.011678  87.6890  117.4
0.235000  0.17938792  0.00001858  1.62119326  0.00227664  0.012939  91.8466  104.6
0.240000  0.18743816  0.00001933  1.62133475  0.00231774  0.014265  95.9683  93.1
0.245000  0.19552660  0.00001952  1.62311599  0.00198937  0.015671  100.1096  83.9
0.250000  0.20367395  0.00001739  1.61970071  0.00197008  0.017164  104.2811  76.9
0.255000  0.21171775  0.00001741  1.61212333  0.00196639  0.018718  108.3995  69.4
0.260000  0.21980698  0.00001504  1.60522684  0.00178403  0.020355  112.5412  62.8
0.265000  0.22778782  0.00001594  1.60002394  0.00168832  0.022052  116.6274  57.0
0.270000  0.23576107  0.00001673  1.59069571  0.00165775  0.023823  120.7097  53.1
0.275000  0.24369899  0.00001430  1.57857195  0.00161809  0.025666  124.7739  48.4
0.280000  0.25159541  0.00001348  1.57093345  0.00153812  0.027575  128.8169  45.2
0.285000  0.25938390  0.00001438  1.55706395  0.00139279  0.029535  132.8046  41.0
0.290000  0.26716513  0.00001400  1.54709077  0.00130209  0.031570  136.7885  38.3
0.295000  0.27486872  0.00001303  1.53387310  0.00128579  0.033662  140.7328  35.5
0.300000  0.28249140  0.00001276  1.52027289  0.00119935  0.035806  144.6356  32.8
0.305000  0.29006455  0.00001291  1.50704907  0.00110289  0.038008  148.5130  30.9
0.310000  0.29753277  0.00001234  1.49223724  0.00106009  0.040258  152.3368  28.8
0.315000  0.30499838  0.00001246  1.47724659  0.00100023  0.042571  156.1592  26.8
0.320000  0.31231124  0.00001238  1.46170955  0.00099035  0.044914  159.9034  25.2
0.325000  0.31958573  0.00001188  1.44737829  0.00099820  0.047309  163.6279  23.8
0.330000  0.32679519  0.00001127  1.43261433  0.00092724  0.049753  167.3191  22.5
0.335000  0.33391811  0.00001111  1.41607988  0.00084615  0.052234  170.9661  21.3
0.340000  0.34096558  0.00001045  1.40172969  0.00087646  0.054755  174.5744  20.1
0.345000  0.34794153  0.00001164  1.38525920  0.00090084  0.057312  178.1461  19.1
0.350000  0.35484408  0.00001096  1.37005325  0.00078701  0.059908  181.6802  18.0
0.355000  0.36164362  0.00001029  1.35635803  0.00077720  0.062528  185.1615  17.2
0.360000  0.36838410  0.00001063  1.34034305  0.00073852  0.065179  188.6127  16.4
0.365000  0.37506521  0.00001003  1.32498065  0.00070152  0.067866  192.0334  15.6
0.370000  0.38164797  0.00000935  1.31008561  0.00070391  0.070574  195.4038  15.0
0.375000  0.38816726  0.00000988  1.29472043  0.00070423  0.073310  198.7416  14.3
0.380000  0.39459780  0.00000998  1.28001395  0.00064945  0.076064  202.0341  13.8
0.385000  0.40096495  0.00000901  1.26551510  0.00063415  0.078842  205.2941  13.2
0.390000  0.40725688  0.00000975  1.25119256  0.00056481  0.081637  208.5155  12.8
0.395000  0.41345800  0.00000936  1.23629927  0.00063897  0.084443  211.6905  12.3
0.400000  0.41959395  0.00000907  1.22167695  0.00058908  0.087270  214.8321  11.8
0.405000  0.42569094  0.00000912  1.20745812  0.00055376  0.090123  217.9538  11.4
0.410000  0.43169380  0.00000844  1.19357173  0.00054699  0.092979  221.0272  11.0
0.415000  0.43761948  0.00000858  1.18025382  0.00049473  0.095847  224.0612  10.7
0.420000  0.44349642  0.00000850  1.16679744  0.00047004  0.098731  227.0702  10.3
0.425000  0.44929245  0.00000750  1.15334169  0.00047782  0.101619  230.0377  10.1
0.430000  0.45502841  0.00000903  1.13981812  0.00046123  0.104521  232.9745  9.7
0.435000  0.46069144  0.00000750  1.12634757  0.00045611  0.107422  235.8740  9.5
0.440000  0.46627592  0.00000802  1.11359925  0.00043043  0.110326  238.7333  9.2
0.445000  0.47183314  0.00000785  1.10100650  0.00044338  0.113249  241.5786  9.0
0.450000  0.47730635  0.00000807  1.08927949  0.00040968  0.116167  244.3809  8.8
0.455000  0.48271820  0.00000792  1.07753840  0.00038771  0.119089  247.1517  8.6
0.460000  0.48807994  0.00000824  1.06427619  0.00042170  0.122015  249.8969  8.3
0.465000  0.49336174  0.00000844  1.05304782  0.00036750  0.124938  252.6012  8.2
0.470000  0.49859266  0.00000725  1.04196410  0.00035174  0.127859  255.2794  8.0
0.475000  0.50378036  0.00000780  1.03033454  0.00037241  0.130787  257.9355  7.8
0.480000  0.50889924  0.00000752  1.01910163  0.00034606  0.133713  260.5564  7.7
0.485000  0.51396915  0.00000768  1.00827815  0.00035095  0.136636  263.1522  7.6
0.490000  0.51898417  0.00000795  0.99738266  0.00035300  0.139559  265.7199  7.4
0.495000  0.52392674  0.00000720  0.98589011  0.00031343  0.142469  268.2505  7.3
0.500000  0.52883793  0.00000744  0.97602735  0.00031249  0.145385  270.7650  7.2
0.550000  0.57521161  0.00002235  0.88001770  0.00083695  0.174221  294.5083  6.3
0.600000  0.61715871  0.00001938  0.79975675  0.00067828  0.202229  315.9853  5.8
0.650000  0.65531643  0.00002207  0.73013041  0.00059456  0.229123  335.5220  5.5
0.700000  0.69033089  0.00001918  0.67260119  0.00051484  0.254863  353.4494  5.4
0.750000  0.72260656  0.00001947  0.62043778  0.00039927  0.279374  369.9746  5.2
0.800000  0.75241037  0.00001734  0.57515055  0.00037766  0.302616  385.2341  5.1
0.850000  0.78017687  0.00001786  0.53526645  0.00033984  0.324703  399.4506  5.1
0.900000  0.80601566  0.00001930  0.49931695  0.00029927  0.345587  412.6800  5.1
0.950000  0.83012652  0.00001667  0.46766467  0.00028641  0.365357  425.0248  5.1
1.000000  0.85285851  0.00001685  0.43970108  0.00029088  0.384139  436.6636  5.1
1.100000  0.89428405  0.00001638  0.39107057  0.00022510  0.418765  457.8734  5.0
1.200000  0.93125328  0.00001637  0.34991787  0.00019726  0.449945  476.8017  5.0
1.300000  0.96452123  0.00001576  0.31564438  0.00018343  0.478096  493.8349  5.0
1.400000  0.99455711  0.00001703  0.28686605  0.00014577  0.503604  509.2132  5.0
1.500000  1.02198143  0.00001703  0.26192915  0.00013276  0.526815  523.2545  5.0
1.600000  1.04704331  0.00001667  0.24005232  0.00012250  0.547993  536.0862  5.0
1.700000  1.07008653  0.00001779  0.22066186  0.00011150  0.567403  547.8843  5.0
1.800000  1.09134525  0.00001543  0.20433673  0.00009930  0.585210  558.7688  5.0
1.900000  1.11103484  0.00001703  0.18965731  0.00009457  0.601634  568.8498  5.0
2.000000  1.12931066  0.00001555  0.17662758  0.00008651  0.616822  578.2071  5.0
2.500000  1.20443334  0.00001618  0.12801463  0.00006143  0.678234  616.6699  5.0
3.000000  1.26027346  0.00001678  0.09755520  0.00004595  0.722683  645.2600  5.0
3.500000  1.30358037  0.00001844  0.07690261  0.00003530  0.756342  667.4331  5.0
4.000000  1.33825978  0.00001798  0.06236169  0.00003283  0.782693  685.1890  5.0
4.500000  1.36659618  0.00001689  0.05163524  0.00002402  0.803880  699.6972  5.0
5.000000  1.39028773  0.00001759  0.04346958  0.00001822  0.821303  711.8273  5.0
6.000000  1.42759287  0.00005960  0.03208592  0.00004597  0.848259  730.9275  5.1
7.000000  1.45590264  0.00006041  0.02470935  0.00003745  0.868097  745.4222  5.0
8.000000  1.47791814  0.00005945  0.01959144  0.00002827  0.883371  756.6941  5.1
9.000000  1.49550205  0.00006223  0.01597767  0.00002221  0.895449  765.6970  5.0
10.000000  1.50997574  0.00006311  0.01323660  0.00001953  0.905254  773.1076  5.0
15.000000  1.55581471  0.00006097  0.00635486  0.00000917  0.935489  796.5771  5.0
20.000000  1.58018484  0.00006586  0.00371320  0.00000512  0.951100  809.0546  5.0
30.000000  1.60545746  0.00006455  0.00172541  0.00000245  0.967043  821.9942  5.2
40.000000  1.61856306  0.00006323  0.00099192  0.00000140  0.975135  828.7043  5.1
60.000000  1.63183975  0.00006698  0.00044814  0.00000067  0.983336  835.5019  5.0
80.000000  1.63853057  0.00006693  0.00025610  0.00000037  0.987460  838.9277  5.0
100.000000  1.64296723  0.00006244  0.00016489  0.00000023  0.989956  841.1992  5.0
200.000000  1.65109513  0.00006513  0.00004192  0.00000006  0.994959  845.3607  5.0
300.000000  1.65382019  0.00006480  0.00001869  0.00000003  0.996636  846.7559  5.1
400.000000  1.65524121  0.00006610  0.00001052  0.00000002  0.997472  847.4835  5.0
