# N=64 M=64  Queen lattice gas, canonical ensemble M=N
# Merged from: precise 30 pts (T=0.050~10.000); dense 185 pts (T=1.100~20.000); high-T 7 pts (T=25.0~400.0); peak 96 pts (T=0.201~0.299)
# Total: 318 temperature points (T=0.050~400.0)
# nmeas=1e8 sweeps, therm=2e6, nbin=200
# T  E/M  err_E/M  Cv/M  err_Cv/M  accept_rate  E_total  tau_int
0.050000  0.00000000  0.00000000  0.00000000  0.00000000  0.000000  0.0000  0.5
0.075000  0.00014274  0.00003445  0.02514462  0.00601692  0.000001  0.0091  14389.9
0.100000  0.00328567  0.00014647  0.31568705  0.01207042  0.000030  0.2103  12751.8
0.125000  0.01835187  0.00019651  0.90124075  0.00740908  0.000251  1.1745  7497.4
0.150000  0.04524540  0.00013092  1.22996943  0.00820205  0.001051  2.8957  2127.8
0.175000  0.07909302  0.00009498  1.43540448  0.00558472  0.002909  5.0620  639.4
0.200000  0.11673393  0.00007281  1.56216877  0.00372897  0.006235  7.4710  267.1
0.201000  0.11838664  0.00007353  1.56574080  0.00332878  0.006414  7.5767  258.7
0.202000  0.11987779  0.00006655  1.57307468  0.00362761  0.006582  7.6722  253.2
0.203000  0.12139290  0.00006403  1.57796648  0.00338174  0.006749  7.7691  247.9
0.204000  0.12298444  0.00007503  1.57961656  0.00333227  0.006928  7.8710  236.8
0.205000  0.12458294  0.00006810  1.58106892  0.00366071  0.007112  7.9733  228.4
0.206000  0.12631966  0.00007173  1.58785319  0.00332126  0.007312  8.0845  225.3
0.207000  0.12786390  0.00006244  1.58568461  0.00313289  0.007497  8.1833  215.5
0.208000  0.12936250  0.00006798  1.58350073  0.00336886  0.007672  8.2792  208.8
0.209000  0.13108614  0.00007394  1.58747238  0.00347545  0.007886  8.3895  204.7
0.210000  0.13260234  0.00006276  1.59115866  0.00287644  0.008075  8.4865  199.7
0.211000  0.13413472  0.00005964  1.59095469  0.00317910  0.008265  8.5846  195.7
0.212000  0.13569889  0.00006359  1.59667961  0.00294271  0.008466  8.6847  187.1
0.213000  0.13730170  0.00006529  1.59756168  0.00311793  0.008673  8.7873  183.9
0.214000  0.13895061  0.00006490  1.59803007  0.00303145  0.008884  8.8928  176.7
0.215000  0.14060210  0.00006459  1.60153838  0.00302770  0.009101  8.9985  177.7
0.216000  0.14206342  0.00006615  1.60541318  0.00326023  0.009300  9.0921  173.3
0.217000  0.14383946  0.00005865  1.61067624  0.00293370  0.009535  9.2057  165.5
0.218000  0.14549080  0.00006253  1.60489041  0.00266784  0.009763  9.3114  163.2
0.219000  0.14698360  0.00006156  1.60568548  0.00283910  0.009973  9.4070  155.9
0.220000  0.14856600  0.00005899  1.61143716  0.00270123  0.010197  9.5082  154.3
0.221000  0.15020651  0.00006111  1.61324074  0.00285749  0.010433  9.6132  148.7
0.222000  0.15177680  0.00006401  1.61797202  0.00290757  0.010661  9.7137  144.8
0.223000  0.15342835  0.00006033  1.61062848  0.00286867  0.010903  9.8194  140.5
0.224000  0.15511151  0.00005457  1.61691494  0.00252811  0.011150  9.9271  138.2
0.225000  0.15666753  0.00005676  1.61897190  0.00278832  0.011387  10.0267  135.1
0.226000  0.15821065  0.00006391  1.61255729  0.00290851  0.011615  10.1255  132.5
0.227000  0.15998135  0.00006074  1.61990887  0.00255994  0.011892  10.2388  129.4
0.228000  0.16150928  0.00005904  1.61696831  0.00255992  0.012131  10.3366  125.1
0.229000  0.16321088  0.00006051  1.62153206  0.00263340  0.012396  10.4455  122.9
0.230000  0.16485946  0.00005065  1.61026532  0.00251530  0.012658  10.5510  118.7
0.231000  0.16625442  0.00005417  1.62551418  0.00263921  0.012886  10.6403  118.0
0.232000  0.16809154  0.00005667  1.62041876  0.00239629  0.013181  10.7579  113.4
0.233000  0.16956604  0.00005587  1.62193403  0.00251562  0.013432  10.8522  111.4
0.234000  0.17124023  0.00005069  1.61870912  0.00229885  0.013705  10.9594  108.8
0.235000  0.17286660  0.00005579  1.62222688  0.00237607  0.013983  11.0635  108.2
0.236000  0.17445343  0.00005163  1.62711851  0.00227474  0.014253  11.1650  104.5
0.237000  0.17614594  0.00005176  1.61455406  0.00226546  0.014547  11.2733  102.3
0.238000  0.17780528  0.00005472  1.62375434  0.00223445  0.014837  11.3795  99.1
0.239000  0.17937895  0.00005110  1.62350970  0.00229726  0.015114  11.4803  96.8
0.240000  0.18100420  0.00004973  1.62207806  0.00238245  0.015400  11.5843  95.6
0.241000  0.18260996  0.00005204  1.62089538  0.00220877  0.015693  11.6870  93.3
0.242000  0.18427650  0.00005215  1.61892899  0.00215351  0.015996  11.7937  91.9
0.243000  0.18583785  0.00005363  1.62094293  0.00223831  0.016288  11.8936  89.1
0.244000  0.18749908  0.00005434  1.62342589  0.00216939  0.016592  11.9999  88.3
0.245000  0.18907134  0.00005334  1.61893746  0.00200238  0.016891  12.1006  86.8
0.246000  0.19074713  0.00004933  1.61648050  0.00213459  0.017207  12.2078  83.7
0.247000  0.19245714  0.00004940  1.61640177  0.00208582  0.017533  12.3173  83.0
0.248000  0.19387263  0.00004848  1.62251544  0.00224711  0.017819  12.4078  81.3
0.249000  0.19559373  0.00004962  1.61786991  0.00183608  0.018154  12.5180  78.7
0.250000  0.19720353  0.00004876  1.61302633  0.00196389  0.018475  12.6210  77.3
0.251000  0.19876312  0.00004883  1.61466785  0.00199018  0.018787  12.7208  76.2
0.252000  0.20035439  0.00004613  1.61432122  0.00199559  0.019110  12.8227  74.5
0.253000  0.20213136  0.00004843  1.61296523  0.00193387  0.019468  12.9364  72.2
0.254000  0.20362345  0.00004610  1.61217567  0.00197066  0.019775  13.0319  71.5
0.255000  0.20537096  0.00004699  1.61268195  0.00188478  0.020137  13.1437  70.3
0.256000  0.20695755  0.00005096  1.60766365  0.00195158  0.020473  13.2453  68.4
0.257000  0.20852293  0.00004855  1.60714229  0.00195272  0.020802  13.3455  67.3
0.258000  0.21009354  0.00004410  1.60651129  0.00178562  0.021145  13.4460  65.9
0.259000  0.21170274  0.00004302  1.60682308  0.00191398  0.021490  13.5490  65.0
0.260000  0.21330567  0.00005004  1.60626167  0.00205796  0.021844  13.6516  64.4
0.261000  0.21488593  0.00004902  1.60521280  0.00180298  0.022187  13.7527  62.7
0.262000  0.21643576  0.00004487  1.60106212  0.00186401  0.022532  13.8519  61.4
0.263000  0.21810125  0.00004820  1.59837573  0.00189465  0.022903  13.9585  60.1
0.264000  0.21970662  0.00004211  1.59504785  0.00184140  0.023269  14.0612  59.1
0.265000  0.22138613  0.00004526  1.59661824  0.00179526  0.023649  14.1687  57.9
0.266000  0.22292826  0.00004471  1.59306965  0.00157606  0.024005  14.2674  57.1
0.267000  0.22452981  0.00004833  1.59433574  0.00166637  0.024381  14.3699  55.6
0.268000  0.22608467  0.00004280  1.59082729  0.00167734  0.024747  14.4694  54.7
0.269000  0.22773563  0.00004293  1.58967671  0.00154295  0.025127  14.5751  54.1
0.270000  0.22920536  0.00004274  1.58266869  0.00169201  0.025483  14.6691  52.8
0.271000  0.23091640  0.00004273  1.58745635  0.00156734  0.025895  14.7786  52.1
0.272000  0.23243772  0.00004662  1.58333252  0.00151365  0.026262  14.8760  51.3
0.273000  0.23400313  0.00004256  1.58489615  0.00173942  0.026651  14.9762  50.4
0.274000  0.23562171  0.00004274  1.57907955  0.00150742  0.027040  15.0798  49.5
0.275000  0.23728350  0.00004200  1.57790998  0.00154403  0.027449  15.1861  48.6
0.276000  0.23879060  0.00004314  1.57640029  0.00165867  0.027829  15.2826  47.7
0.277000  0.24028360  0.00004407  1.57031163  0.00160371  0.028208  15.3782  47.1
0.278000  0.24193443  0.00003879  1.56926583  0.00144481  0.028630  15.4838  45.9
0.279000  0.24343658  0.00004271  1.57038277  0.00142991  0.029016  15.5799  45.9
0.280000  0.24506785  0.00003816  1.56536721  0.00137741  0.029435  15.6843  45.0
0.281000  0.24651765  0.00004139  1.56571876  0.00143313  0.029816  15.7771  44.4
0.282000  0.24819237  0.00004110  1.56238658  0.00147988  0.030250  15.8843  43.5
0.283000  0.24973379  0.00004291  1.56058503  0.00138384  0.030660  15.9830  43.0
0.284000  0.25128819  0.00004123  1.55730096  0.00140687  0.031077  16.0824  42.3
0.285000  0.25290772  0.00004024  1.55490561  0.00140316  0.031505  16.1861  41.4
0.286000  0.25441451  0.00004287  1.55035127  0.00146772  0.031921  16.2825  40.6
0.287000  0.25598241  0.00003636  1.55137247  0.00137854  0.032344  16.3829  40.2
0.288000  0.25751932  0.00003953  1.55020921  0.00144479  0.032764  16.4812  39.4
0.289000  0.25904979  0.00003763  1.54406737  0.00149089  0.033190  16.5792  38.8
0.290000  0.26059106  0.00003872  1.54265909  0.00130600  0.033617  16.6778  38.1
0.291000  0.26211126  0.00003863  1.53927938  0.00133420  0.034042  16.7751  37.6
0.292000  0.26366329  0.00003974  1.53712966  0.00128352  0.034486  16.8745  37.2
0.293000  0.26521610  0.00003990  1.53473950  0.00127255  0.034927  16.9738  36.7
0.294000  0.26672319  0.00003810  1.53259166  0.00127107  0.035361  17.0703  36.0
0.295000  0.26829955  0.00003725  1.52937471  0.00128191  0.035807  17.1712  35.4
0.296000  0.26979368  0.00003762  1.52634193  0.00125795  0.036252  17.2668  34.8
0.297000  0.27131576  0.00003556  1.52353811  0.00120989  0.036696  17.3642  34.5
0.298000  0.27284457  0.00003630  1.52304971  0.00120213  0.037146  17.4621  34.0
0.299000  0.27429513  0.00003598  1.51964326  0.00116007  0.037582  17.5549  33.5
0.300000  0.27586178  0.00003839  1.51868495  0.00126959  0.038047  17.6552  33.1
0.325000  0.31289052  0.00003194  1.44428598  0.00100766  0.050050  20.0250  23.7
0.350000  0.34801891  0.00002933  1.36581639  0.00080163  0.063124  22.2732  18.0
0.375000  0.38125083  0.00002751  1.29129870  0.00067653  0.077013  24.4001  14.3
0.400000  0.41258744  0.00002619  1.21681769  0.00055645  0.091439  26.4056  11.7
0.425000  0.44210721  0.00002386  1.14760225  0.00045008  0.106216  28.2949  10.0
0.450000  0.46998121  0.00002201  1.08288792  0.00045010  0.121168  30.0788  8.7
0.475000  0.49626198  0.00002053  1.02371130  0.00038652  0.136162  31.7608  7.8
0.500000  0.52123661  0.00001890  0.96944293  0.00031874  0.151144  33.3591  7.2
0.550000  0.56722923  0.00001985  0.87332388  0.00028136  0.180600  36.3027  6.3
0.600000  0.60878788  0.00001713  0.79214784  0.00020945  0.209107  38.9624  5.8
0.700000  0.68132462  0.00001713  0.66381119  0.00015307  0.262645  43.6048  5.3
0.800000  0.74261274  0.00001697  0.56699224  0.00011556  0.310947  47.5272  5.1
0.900000  0.79544635  0.00001491  0.49203315  0.00008792  0.354326  50.9086  5.0
1.000000  0.84151479  0.00001461  0.43182976  0.00008300  0.393105  53.8569  5.0
1.100000  0.88223096  0.00001445  0.38317021  0.00006733  0.427909  56.4628  5.0
1.200000  0.91844170  0.00001509  0.34268940  0.00006343  0.459164  58.7803  5.0
1.300000  0.95092653  0.00001374  0.30865821  0.00005274  0.487327  60.8593  5.0
1.400000  0.98034189  0.00001489  0.27982032  0.00004480  0.512823  62.7419  5.0
1.500000  1.00706116  0.00001435  0.25499515  0.00004072  0.535991  64.4519  5.0
1.600000  1.03145991  0.00001431  0.23356240  0.00003525  0.557093  66.0134  5.0
1.700000  1.05386187  0.00001302  0.21481743  0.00003454  0.576387  67.4472  5.0
1.800000  1.07451921  0.00001420  0.19831712  0.00003190  0.594123  68.7692  5.0
1.900000  1.09359783  0.00001466  0.18375754  0.00002727  0.610438  69.9903  5.0
2.000000  1.11130388  0.00001492  0.17078363  0.00002726  0.625517  71.1234  5.0
2.100000  1.12776750  0.00001391  0.15918206  0.00002409  0.639459  72.1771  5.0
2.200000  1.14316790  0.00001381  0.14878994  0.00002340  0.652439  73.1627  5.0
2.300000  1.15757314  0.00001480  0.13935655  0.00002125  0.664510  74.0847  5.0
2.400000  1.17108400  0.00001521  0.13088671  0.00002072  0.675778  74.9494  5.0
2.500000  1.18378136  0.00001516  0.12313650  0.00001804  0.686312  75.7620  5.0
2.600000  1.19575863  0.00001464  0.11614186  0.00001653  0.696188  76.5286  5.0
2.700000  1.20703664  0.00001604  0.10966702  0.00001640  0.705447  77.2503  5.0
2.800000  1.21770023  0.00001490  0.10380270  0.00001534  0.714194  77.9328  5.0
2.900000  1.22781014  0.00001540  0.09837265  0.00001536  0.722410  78.5798  5.0
3.000000  1.23739049  0.00001602  0.09337793  0.00001424  0.730173  79.1930  5.0
3.100000  1.24648645  0.00001472  0.08874101  0.00001332  0.737529  79.7751  5.0
3.200000  1.25517105  0.00001330  0.08448175  0.00001296  0.744483  80.3309  5.0
3.300000  1.26339829  0.00001527  0.08050095  0.00001123  0.751073  80.8575  5.0
3.400000  1.27126910  0.00001553  0.07680193  0.00001205  0.757335  81.3612  5.0
3.500000  1.27874062  0.00001577  0.07335852  0.00001054  0.763276  81.8394  5.0
3.600000  1.28593392  0.00001584  0.07014239  0.00001019  0.768951  82.2998  5.0
3.700000  1.29278753  0.00001379  0.06717573  0.00000967  0.774363  82.7384  5.0
3.800000  1.29937959  0.00001486  0.06435912  0.00000953  0.779528  83.1603  5.0
3.900000  1.30569114  0.00001509  0.06174022  0.00000950  0.784442  83.5642  5.0
4.000000  1.31174089  0.00001404  0.05924493  0.00000868  0.789154  83.9514  5.0
4.100000  1.31752321  0.00001569  0.05692032  0.00000911  0.793665  84.3215  5.0
4.200000  1.32310136  0.00001500  0.05476357  0.00000819  0.797984  84.6785  5.0
4.300000  1.32849077  0.00001609  0.05268751  0.00000824  0.802129  85.0234  5.0
4.400000  1.33367505  0.00001494  0.05073508  0.00000759  0.806109  85.3552  5.0
4.500000  1.33863786  0.00001496  0.04890044  0.00000707  0.809927  85.6728  5.0
4.600000  1.34344918  0.00001434  0.04715627  0.00000687  0.813587  85.9807  5.0
4.700000  1.34805917  0.00001463  0.04551548  0.00000702  0.817119  86.2758  5.0
4.800000  1.35253435  0.00001517  0.04395519  0.00000690  0.820519  86.5622  5.0
4.900000  1.35686937  0.00001550  0.04247416  0.00000637  0.823806  86.8396  5.0
5.000000  1.36105135  0.00001771  0.04106969  0.00000616  0.826973  87.1073  5.0
5.100000  1.36507003  0.00001559  0.03973033  0.00000567  0.830009  87.3645  5.0
5.200000  1.36897600  0.00001526  0.03846299  0.00000549  0.832951  87.6145  5.0
5.300000  1.37274840  0.00001494  0.03724861  0.00000580  0.835794  87.8559  5.0
5.400000  1.37643804  0.00001517  0.03608781  0.00000579  0.838538  88.0920  5.0
5.500000  1.37997659  0.00001569  0.03499076  0.00000485  0.841190  88.3185  5.0
5.600000  1.38343583  0.00001478  0.03392987  0.00000503  0.843759  88.5399  5.0
5.700000  1.38676768  0.00001536  0.03294168  0.00000491  0.846256  88.7531  5.0
5.800000  1.39001377  0.00001599  0.03198377  0.00000492  0.848656  88.9609  5.0
5.900000  1.39319668  0.00001526  0.03106281  0.00000450  0.850995  89.1646  5.0
6.000000  1.39622352  0.00001591  0.03017590  0.00000430  0.853265  89.3583  5.0
6.100000  1.39920228  0.00001500  0.02934856  0.00000483  0.855458  89.5489  5.0
6.200000  1.40215593  0.00001594  0.02854337  0.00000409  0.857593  89.7380  5.0
6.300000  1.40493631  0.00001529  0.02776529  0.00000394  0.859647  89.9159  5.0
6.400000  1.40764186  0.00001509  0.02701952  0.00000448  0.861666  90.0891  5.0
6.500000  1.41033938  0.00001473  0.02631145  0.00000404  0.863616  90.2617  5.0
6.600000  1.41291589  0.00001605  0.02561835  0.00000363  0.865525  90.4266  5.0
6.700000  1.41548108  0.00001435  0.02496479  0.00000352  0.867370  90.5908  5.0
6.800000  1.41790568  0.00001639  0.02433037  0.00000359  0.869158  90.7460  5.0
6.900000  1.42031646  0.00001574  0.02373192  0.00000367  0.870918  90.9003  5.0
7.000000  1.42270135  0.00001534  0.02314042  0.00000305  0.872619  91.0529  5.0
7.100000  1.42493795  0.00001741  0.02257187  0.00000357  0.874270  91.1960  5.0
7.200000  1.42718467  0.00001467  0.02203699  0.00000318  0.875891  91.3398  5.0
7.300000  1.42936172  0.00001701  0.02150510  0.00000300  0.877461  91.4792  5.0
7.400000  1.43148309  0.00001599  0.02100227  0.00000311  0.878995  91.6149  5.0
7.500000  1.43358998  0.00001538  0.02051218  0.00000287  0.880498  91.7498  5.0
7.600000  1.43557989  0.00001606  0.02003941  0.00000310  0.881959  91.8771  5.0
7.700000  1.43760622  0.00001477  0.01958429  0.00000287  0.883384  92.0068  5.0
7.800000  1.43951470  0.00001666  0.01914626  0.00000280  0.884778  92.1289  5.0
7.900000  1.44142084  0.00001527  0.01872670  0.00000296  0.886128  92.2509  5.0
8.000000  1.44324595  0.00001641  0.01831195  0.00000277  0.887455  92.3677  5.0
8.100000  1.44506978  0.00001593  0.01791697  0.00000269  0.888753  92.4845  5.0
8.200000  1.44683863  0.00001510  0.01752950  0.00000273  0.890017  92.5977  5.0
8.300000  1.44856507  0.00001783  0.01715825  0.00000261  0.891250  92.7082  5.0
8.400000  1.45027540  0.00001661  0.01679844  0.00000247  0.892463  92.8176  5.0
8.500000  1.45193255  0.00001528  0.01644471  0.00000244  0.893639  92.9237  5.0
8.600000  1.45355587  0.00001682  0.01611203  0.00000245  0.894802  93.0276  5.0
8.700000  1.45515196  0.00001637  0.01578346  0.00000232  0.895934  93.1297  5.0
8.800000  1.45672196  0.00001730  0.01546567  0.00000221  0.897051  93.2302  5.0
8.900000  1.45825124  0.00001623  0.01515583  0.00000233  0.898125  93.3281  5.0
9.000000  1.45975624  0.00001587  0.01485968  0.00000227  0.899193  93.4244  5.0
9.100000  1.46122029  0.00001513  0.01456983  0.00000203  0.900234  93.5181  5.0
9.200000  1.46265858  0.00001701  0.01428554  0.00000200  0.901253  93.6101  5.0
9.300000  1.46407319  0.00001674  0.01401054  0.00000208  0.902249  93.7007  5.0
9.400000  1.46546526  0.00001619  0.01374236  0.00000215  0.903231  93.7898  5.0
9.500000  1.46683422  0.00001650  0.01349329  0.00000204  0.904181  93.8774  5.0
9.600000  1.46820662  0.00001591  0.01324174  0.00000219  0.905132  93.9652  5.0
9.700000  1.46944772  0.00001487  0.01299299  0.00000190  0.906045  94.0447  5.0
9.800000  1.47077030  0.00001804  0.01275776  0.00000189  0.906955  94.1293  5.0
9.900000  1.47202370  0.00001558  0.01252608  0.00000192  0.907838  94.2095  5.0
10.000000  1.47327331  0.00001491  0.01230204  0.00000187  0.908712  94.2895  5.0
10.100000  1.47449747  0.00001630  0.01208114  0.00000189  0.909565  94.3678  5.0
10.200000  1.47568410  0.00001603  0.01187011  0.00000174  0.910404  94.4438  5.0
10.300000  1.47686002  0.00001575  0.01166052  0.00000182  0.911228  94.5190  5.0
10.400000  1.47801792  0.00001625  0.01145764  0.00000182  0.912041  94.5931  5.0
10.500000  1.47917176  0.00001568  0.01126030  0.00000163  0.912831  94.6670  5.0
10.600000  1.48025715  0.00001540  0.01107282  0.00000169  0.913608  94.7365  5.0
10.700000  1.48136494  0.00001517  0.01088456  0.00000150  0.914369  94.8074  5.0
10.800000  1.48245927  0.00001489  0.01070327  0.00000159  0.915126  94.8774  5.0
10.900000  1.48349029  0.00001635  0.01052360  0.00000155  0.915860  94.9434  5.0
11.000000  1.48456159  0.00001775  0.01035035  0.00000158  0.916591  95.0119  5.0
11.100000  1.48556906  0.00001520  0.01018107  0.00000141  0.917301  95.0764  5.0
11.200000  1.48660034  0.00001567  0.01001536  0.00000159  0.918004  95.1424  5.0
11.300000  1.48757416  0.00001686  0.00985693  0.00000148  0.918692  95.2047  5.0
11.400000  1.48854012  0.00001704  0.00969721  0.00000146  0.919365  95.2666  5.0
11.500000  1.48949579  0.00001752  0.00954432  0.00000145  0.920032  95.3277  5.0
11.600000  1.49047473  0.00001645  0.00939823  0.00000150  0.920694  95.3904  5.0
11.700000  1.49140097  0.00001573  0.00925437  0.00000133  0.921335  95.4497  5.0
11.800000  1.49227535  0.00001446  0.00910671  0.00000138  0.921968  95.5056  5.0
11.900000  1.49320911  0.00001691  0.00896813  0.00000133  0.922592  95.5654  5.0
12.000000  1.49411655  0.00001750  0.00883179  0.00000127  0.923212  95.6235  5.0
12.100000  1.49499137  0.00001726  0.00870162  0.00000134  0.923815  95.6794  5.0
12.200000  1.49584911  0.00001637  0.00856969  0.00000125  0.924408  95.7343  5.0
12.300000  1.49671407  0.00001751  0.00844133  0.00000114  0.925000  95.7897  5.0
12.400000  1.49749838  0.00001697  0.00831680  0.00000129  0.925574  95.8399  5.0
12.500000  1.49839428  0.00001528  0.00819682  0.00000123  0.926145  95.8972  5.0
12.600000  1.49919285  0.00001538  0.00807609  0.00000124  0.926702  95.9483  5.0
12.700000  1.50000186  0.00001467  0.00796079  0.00000123  0.927253  96.0001  5.0
12.800000  1.50076437  0.00001683  0.00784627  0.00000114  0.927797  96.0489  5.0
12.900000  1.50155974  0.00001737  0.00773427  0.00000119  0.928329  96.0998  5.0
13.000000  1.50227738  0.00001802  0.00762512  0.00000105  0.928861  96.1458  5.0
13.100000  1.50308355  0.00001639  0.00751772  0.00000112  0.929378  96.1973  5.0
13.200000  1.50381286  0.00001618  0.00741573  0.00000108  0.929889  96.2440  5.0
13.300000  1.50456493  0.00001738  0.00731069  0.00000103  0.930393  96.2922  5.0
13.400000  1.50529432  0.00001677  0.00720986  0.00000110  0.930892  96.3388  5.0
13.500000  1.50600519  0.00001643  0.00711467  0.00000110  0.931378  96.3843  5.0
13.600000  1.50669999  0.00001710  0.00701499  0.00000097  0.931867  96.4288  5.0
13.700000  1.50742047  0.00001554  0.00692471  0.00000108  0.932337  96.4749  5.0
13.800000  1.50807949  0.00001770  0.00683236  0.00000103  0.932809  96.5171  5.0
13.900000  1.50875011  0.00001862  0.00674170  0.00000100  0.933277  96.5600  5.0
14.000000  1.50943949  0.00001668  0.00665099  0.00000112  0.933729  96.6041  5.0
14.100000  1.51010034  0.00001505  0.00656352  0.00000097  0.934183  96.6464  5.0
14.200000  1.51077395  0.00001645  0.00648051  0.00000101  0.934631  96.6895  5.0
14.300000  1.51140561  0.00001669  0.00639518  0.00000092  0.935069  96.7300  5.0
14.400000  1.51202791  0.00001685  0.00631278  0.00000101  0.935502  96.7698  5.0
14.500000  1.51262055  0.00001585  0.00622994  0.00000089  0.935931  96.8077  5.0
14.600000  1.51328552  0.00001715  0.00615463  0.00000092  0.936348  96.8503  5.0
14.700000  1.51382717  0.00001626  0.00607508  0.00000092  0.936768  96.8849  5.0
14.800000  1.51448792  0.00001477  0.00600079  0.00000092  0.937173  96.9272  5.0
14.900000  1.51511497  0.00001622  0.00592622  0.00000091  0.937583  96.9674  5.0
15.000000  1.51569349  0.00001628  0.00585059  0.00000088  0.937984  97.0044  5.0
15.100000  1.51625589  0.00001754  0.00578033  0.00000081  0.938373  97.0404  5.0
15.200000  1.51682064  0.00001690  0.00571108  0.00000082  0.938771  97.0765  5.0
15.300000  1.51742019  0.00001702  0.00564261  0.00000088  0.939149  97.1149  5.0
15.400000  1.51795490  0.00001673  0.00557113  0.00000090  0.939534  97.1491  5.0
15.500000  1.51851542  0.00001716  0.00550596  0.00000088  0.939910  97.1850  5.0
15.600000  1.51905577  0.00001916  0.00544046  0.00000080  0.940281  97.2196  5.0
15.700000  1.51958755  0.00001739  0.00537559  0.00000081  0.940645  97.2536  5.0
15.800000  1.52012361  0.00001744  0.00531380  0.00000077  0.941007  97.2879  5.0
15.900000  1.52067217  0.00001699  0.00525050  0.00000079  0.941363  97.3230  5.0
16.000000  1.52114625  0.00001729  0.00518980  0.00000077  0.941719  97.3534  5.0
16.100000  1.52169871  0.00001665  0.00513027  0.00000080  0.942066  97.3887  5.0
16.200000  1.52222032  0.00001644  0.00507095  0.00000068  0.942414  97.4221  5.0
16.300000  1.52274859  0.00001741  0.00501334  0.00000074  0.942755  97.4559  5.0
16.400000  1.52319190  0.00001709  0.00495652  0.00000078  0.943088  97.4843  5.0
16.500000  1.52370649  0.00001774  0.00489894  0.00000069  0.943422  97.5172  5.0
16.600000  1.52420774  0.00001648  0.00484334  0.00000075  0.943755  97.5493  5.0
16.700000  1.52465756  0.00001568  0.00479102  0.00000070  0.944076  97.5781  5.0
16.800000  1.52516111  0.00001649  0.00473749  0.00000064  0.944399  97.6103  5.0
16.900000  1.52563633  0.00001533  0.00468496  0.00000071  0.944716  97.6407  5.0
17.000000  1.52610188  0.00001655  0.00463335  0.00000075  0.945028  97.6705  5.0
17.100000  1.52654187  0.00001845  0.00458260  0.00000069  0.945345  97.6987  5.0
17.200000  1.52701222  0.00001827  0.00453305  0.00000069  0.945648  97.7288  5.0
17.300000  1.52746218  0.00001590  0.00448388  0.00000065  0.945949  97.7576  5.0
17.400000  1.52789368  0.00001757  0.00443584  0.00000063  0.946248  97.7852  5.0
17.500000  1.52831907  0.00001752  0.00438857  0.00000063  0.946548  97.8124  5.0
17.600000  1.52879603  0.00001633  0.00434134  0.00000062  0.946842  97.8429  5.0
17.700000  1.52919062  0.00001564  0.00429503  0.00000063  0.947132  97.8682  5.0
17.800000  1.52965573  0.00001730  0.00425097  0.00000064  0.947424  97.8980  5.0
17.900000  1.53007058  0.00001527  0.00420560  0.00000062  0.947704  97.9245  5.0
18.000000  1.53048937  0.00001647  0.00416329  0.00000065  0.947987  97.9513  5.0
18.100000  1.53091218  0.00001845  0.00411887  0.00000063  0.948260  97.9784  5.0
18.200000  1.53128535  0.00001793  0.00407692  0.00000065  0.948546  98.0023  5.0
18.300000  1.53169515  0.00001696  0.00403448  0.00000056  0.948809  98.0285  5.0
18.400000  1.53212254  0.00001644  0.00399370  0.00000061  0.949080  98.0558  5.0
18.500000  1.53248245  0.00001721  0.00395429  0.00000061  0.949348  98.0789  5.0
18.600000  1.53289753  0.00001608  0.00391325  0.00000057  0.949613  98.1054  5.0
18.700000  1.53327921  0.00001668  0.00387476  0.00000061  0.949869  98.1299  5.0
18.800000  1.53372806  0.00001595  0.00383472  0.00000054  0.950129  98.1586  5.0
18.900000  1.53404840  0.00001554  0.00379746  0.00000062  0.950383  98.1791  5.0
19.000000  1.53445220  0.00001782  0.00375970  0.00000059  0.950638  98.2049  5.0
19.100000  1.53482750  0.00001744  0.00372317  0.00000060  0.950889  98.2290  5.0
19.200000  1.53518501  0.00001611  0.00368648  0.00000054  0.951140  98.2518  5.0
19.300000  1.53558035  0.00001587  0.00365162  0.00000056  0.951384  98.2771  5.0
19.400000  1.53591639  0.00001741  0.00361524  0.00000056  0.951626  98.2986  5.0
19.500000  1.53626330  0.00001578  0.00358035  0.00000058  0.951865  98.3209  5.0
19.600000  1.53662948  0.00001747  0.00354497  0.00000054  0.952104  98.3443  5.0
19.700000  1.53698830  0.00001767  0.00351082  0.00000053  0.952339  98.3673  5.0
19.800000  1.53730880  0.00001797  0.00347698  0.00000050  0.952574  98.3878  5.0
19.900000  1.53766526  0.00001729  0.00344417  0.00000051  0.952803  98.4106  5.0
20.000000  1.53801117  0.00001768  0.00341310  0.00000053  0.953031  98.4327  5.0
25.000000  1.55180947  0.00001617  0.00223343  0.00000035  0.962210  99.3158  5.0
40.000000  1.57313756  0.00001855  0.00090273  0.00000013  0.976172  100.6808  5.0
60.000000  1.58527342  0.00001606  0.00040918  0.00000006  0.984029  101.4575  5.0
80.000000  1.59144888  0.00001794  0.00023258  0.00000004  0.987991  101.8527  5.0
100.000000  1.59520297  0.00001763  0.00014967  0.00000002  0.990380  102.0930  5.0
200.000000  1.60273773  0.00001925  0.00003788  0.00000001  0.995177  102.5752  5.0
400.000000  1.60651646  0.00001650  0.00000953  0.00000000  0.997583  102.8171  5.0
