# L=64 N=2048  Task3: canonical N=L^2/2 (half-filling)
# therm=100000  nmeas=1000000  nbin=200  seed=20260318
# T  E/N  err_E/N  Cv/N  err_Cv/N  accept_rate  E_total  tau_int
0.050000  50.45947266  0.00000000  0.00000000  0.00000000  0.000012  103341.0000  0.5
0.075000  50.45968591  0.00001810  0.02515631  0.00159423  0.000019  103341.4367  14193.1
0.100000  50.46068629  0.00002817  0.04945528  0.00363375  0.000076  103343.4855  5123.5
0.125000  50.46212638  0.00002173  0.06233919  0.00190696  0.000262  103346.4348  659.4
0.150000  50.46387220  0.00001378  0.07364704  0.00119247  0.000705  103350.0103  131.9
0.175000  50.46576621  0.00001110  0.07966465  0.00084865  0.001521  103353.8892  52.5
0.200000  50.46783012  0.00000922  0.08432469  0.00059461  0.002841  103358.1161  25.3
0.225000  50.46994978  0.00000788  0.08776396  0.00045566  0.004702  103362.4571  15.1
0.250000  50.47214869  0.00000707  0.08787799  0.00037086  0.007146  103366.9605  10.2
0.275000  50.47435027  0.00000620  0.08881210  0.00031693  0.010115  103371.4694  7.8
0.300000  50.47658538  0.00000570  0.08914654  0.00026294  0.013625  103376.0469  6.9
0.325000  50.47880645  0.00000612  0.08951734  0.00024421  0.017567  103380.5956  6.0
0.350000  50.48102942  0.00000547  0.08877933  0.00020596  0.021913  103385.1482  5.5
0.375000  50.48325829  0.00000549  0.08887487  0.00019425  0.026617  103389.7130  5.4
0.400000  50.48547641  0.00000532  0.08849189  0.00018784  0.031609  103394.2557  5.3
0.425000  50.48768259  0.00000561  0.08824788  0.00016945  0.036853  103398.7739  5.1
0.450000  50.48988181  0.00000561  0.08788974  0.00015272  0.042313  103403.2779  5.2
0.475000  50.49208552  0.00000514  0.08752562  0.00015203  0.047940  103407.7911  5.1
0.500000  50.49426619  0.00000501  0.08737011  0.00016346  0.053699  103412.2572  5.1
0.550000  50.49862085  0.00000499  0.08656527  0.00014381  0.065527  103421.1755  5.1
0.600000  50.50294800  0.00000569  0.08620695  0.00012826  0.077612  103430.0375  5.1
0.700000  50.51150436  0.00000591  0.08497254  0.00013064  0.101936  103447.5609  5.0
0.800000  50.51992359  0.00000624  0.08355580  0.00013077  0.125832  103464.8035  5.0
0.900000  50.52825205  0.00000686  0.08244093  0.00011464  0.148968  103481.8602  5.0
1.000000  50.53641287  0.00000743  0.08127992  0.00011894  0.171049  103498.5736  5.0
1.500000  50.57568015  0.00001039  0.07619949  0.00011622  0.265500  103578.9929  5.0
2.000000  50.61257808  0.00001179  0.07177925  0.00010259  0.337524  103654.5599  5.1
3.000000  50.68076760  0.00001601  0.06515165  0.00009705  0.439325  103794.2120  5.1
5.000000  50.80036101  0.00002509  0.05524338  0.00007430  0.559683  104039.1393  5.0
10.000000  51.03372954  0.00004596  0.03968321  0.00005367  0.699179  104517.0781  5.0
