# L=256 N=256  Large-scale thermodynamic integration
# Generated: Mon Mar 23 21:11:35 CST 2026
# T  E/N  err_E/N  Cv/N  err_Cv/N  accept_rate  E_total  tau_int
0.050000  0.00000000  0.00000000  0.00000000  0.00000000  0.000000  0.0000  0.5
0.062500  0.00000006  0.00000006  0.00001600  0.00001600  0.000000  0.0000  80.0
0.075000  0.00013424  0.00004821  0.02304467  0.00802055  0.000000  0.0344  42558.5
0.087500  0.00179099  0.00018567  0.25038660  0.03045819  0.000005  0.4585  44156.4
0.100000  0.00752970  0.00028673  0.58063002  0.04020087  0.000031  1.9276  32090.3
0.105000  0.01062702  0.00014973  0.62214639  0.01734494  0.000053  2.7205  26434.3
0.110000  0.01406727  0.00012256  0.66178385  0.01348907  0.000084  3.6012  19079.9
0.115000  0.01735170  0.00010114  0.75014834  0.01205989  0.000123  4.4420  13981.6
0.120000  0.02111094  0.00009491  0.79630937  0.01051523  0.000175  5.4044  9656.6
0.125000  0.02548206  0.00009055  0.90042749  0.01183284  0.000248  6.5234  7470.8
0.130000  0.03006374  0.00008353  0.95944929  0.00982784  0.000339  7.6963  5295.4
0.135000  0.03511687  0.00006415  1.01027542  0.00882148  0.000456  8.9899  3803.2
0.140000  0.04038027  0.00006895  1.08500807  0.00797148  0.000598  10.3374  2747.3
0.145000  0.04590563  0.00006426  1.14191144  0.00747893  0.000770  11.7518  2060.9
0.150000  0.05180871  0.00005782  1.20272801  0.00708874  0.000979  13.2630  1675.3
0.155000  0.05802575  0.00005823  1.26562639  0.00676320  0.001228  14.8546  1321.4
0.160000  0.06435528  0.00004989  1.29027881  0.00540681  0.001513  16.4750  1037.3
0.165000  0.07104354  0.00004994  1.34274630  0.00507316  0.001852  18.1871  862.7
0.170000  0.07778700  0.00004560  1.39378343  0.00513695  0.002231  19.9135  706.6
0.175000  0.08479749  0.00004308  1.43232032  0.00463784  0.002667  21.7082  576.2
0.180000  0.09211808  0.00004018  1.45182336  0.00458260  0.003166  23.5822  481.9
0.185000  0.09948093  0.00004245  1.48841591  0.00452754  0.003721  25.4671  405.4
0.190000  0.10702203  0.00003586  1.52045654  0.00377847  0.004340  27.3976  347.1
0.195000  0.11461969  0.00003446  1.53846316  0.00372038  0.005021  29.3426  290.4
0.200000  0.12235924  0.00003438  1.55553420  0.00354871  0.005772  31.3240  251.1
0.205000  0.13020650  0.00002934  1.57456532  0.00304802  0.006594  33.3329  221.2
0.210000  0.13818042  0.00003477  1.59017485  0.00315816  0.007493  35.3742  193.1
0.215000  0.14615255  0.00003421  1.60249646  0.00264843  0.008463  37.4151  166.3
0.220000  0.15413570  0.00002927  1.61098152  0.00293535  0.009501  39.4587  148.3
0.225000  0.16227217  0.00002964  1.61145381  0.00251774  0.010626  41.5417  130.3
0.230000  0.17032325  0.00002761  1.62302446  0.00251597  0.011816  43.6028  117.0
0.235000  0.17846400  0.00002591  1.62275750  0.00215600  0.013092  45.6868  104.7
0.240000  0.18651375  0.00002725  1.62614731  0.00236816  0.014430  47.7475  93.5
0.245000  0.19467272  0.00002444  1.61885167  0.00208925  0.015859  49.8362  84.7
0.250000  0.20273008  0.00002446  1.61992769  0.00196865  0.017350  51.8989  76.6
0.255000  0.21078208  0.00002315  1.61511859  0.00178383  0.018917  53.9602  69.1
0.260000  0.21891534  0.00002337  1.60545056  0.00179065  0.020578  56.0423  63.2
0.265000  0.22687189  0.00002251  1.60097124  0.00168772  0.022285  58.0792  57.2
0.270000  0.23484577  0.00002156  1.59047230  0.00162315  0.024067  60.1205  52.2
0.275000  0.24276560  0.00002154  1.57764551  0.00152678  0.025917  62.1480  48.3
0.280000  0.25067203  0.00002015  1.56791935  0.00150701  0.027842  64.1720  44.6
0.285000  0.25849103  0.00002112  1.55821639  0.00132186  0.029825  66.1737  41.1
0.290000  0.26622495  0.00001843  1.54417354  0.00128904  0.031862  68.1536  38.2
0.295000  0.27391610  0.00002034  1.53239296  0.00140287  0.033965  70.1225  35.3
0.300000  0.28155185  0.00001668  1.51946075  0.00119284  0.036129  72.0773  33.0
0.305000  0.28911091  0.00001801  1.50723051  0.00107088  0.038344  74.0124  30.7
0.310000  0.29661223  0.00001820  1.49319663  0.00112135  0.040611  75.9327  28.6
0.315000  0.30406395  0.00001765  1.47800224  0.00107299  0.042941  77.8404  26.9
0.320000  0.31137309  0.00001859  1.46249257  0.00110420  0.045296  79.7115  25.3
0.325000  0.31868125  0.00001622  1.44592632  0.00094336  0.047714  81.5824  23.7
0.330000  0.32585079  0.00001655  1.43151713  0.00090987  0.050165  83.4178  22.5
0.335000  0.33298082  0.00001554  1.41524764  0.00090835  0.052660  85.2431  21.2
0.340000  0.33999899  0.00001529  1.40146999  0.00083686  0.055190  87.0397  20.3
0.345000  0.34697865  0.00001454  1.38610398  0.00085135  0.057762  88.8265  19.0
0.350000  0.35387238  0.00001437  1.37013622  0.00074895  0.060368  90.5913  18.0
0.355000  0.36068627  0.00001394  1.35391706  0.00075345  0.063006  92.3357  17.1
0.360000  0.36743707  0.00001418  1.33992671  0.00068172  0.065679  94.0639  16.5
0.365000  0.37409703  0.00001435  1.32517031  0.00076456  0.068372  95.7688  15.6
0.370000  0.38067298  0.00001453  1.31038696  0.00069695  0.071091  97.4523  15.0
0.375000  0.38719111  0.00001389  1.29472781  0.00066064  0.073841  99.1209  14.4
0.380000  0.39362066  0.00001438  1.27971719  0.00069144  0.076610  100.7669  13.8
0.385000  0.39997488  0.00001302  1.26489923  0.00059997  0.079395  102.3936  13.2
0.390000  0.40624538  0.00001480  1.25064786  0.00055778  0.082199  103.9988  12.8
0.395000  0.41248519  0.00001242  1.23577169  0.00056544  0.085036  105.5962  12.2
0.400000  0.41860937  0.00001197  1.22151279  0.00057321  0.087873  107.1640  11.8
0.405000  0.42470497  0.00001355  1.20705019  0.00055334  0.090739  108.7245  11.4
0.410000  0.43067293  0.00001209  1.19297348  0.00055482  0.093597  110.2523  11.0
0.415000  0.43659420  0.00001228  1.17915382  0.00050274  0.096471  111.7681  10.6
0.420000  0.44244846  0.00001253  1.16541305  0.00047464  0.099362  113.2668  10.3
0.425000  0.44826487  0.00001225  1.15302774  0.00044718  0.102277  114.7558  10.1
0.430000  0.45400252  0.00001201  1.13860251  0.00049744  0.105188  116.2246  9.7
0.435000  0.45963091  0.00001193  1.12578613  0.00045224  0.108093  117.6655  9.5
0.440000  0.46526368  0.00001202  1.11309664  0.00047318  0.111022  119.1075  9.2
0.445000  0.47076980  0.00001255  1.10104170  0.00042635  0.113945  120.5171  9.0
0.450000  0.47625406  0.00001167  1.08834701  0.00041376  0.116879  121.9210  8.8
0.455000  0.48166284  0.00001179  1.07609340  0.00041658  0.119814  123.3057  8.5
0.460000  0.48703375  0.00001160  1.06353252  0.00037544  0.122756  124.6806  8.3
0.465000  0.49231310  0.00001195  1.05264184  0.00041094  0.125687  126.0322  8.2
0.470000  0.49755492  0.00001123  1.04076975  0.00038822  0.128628  127.3741  8.0
0.475000  0.50272567  0.00001125  1.02847330  0.00037474  0.131565  128.6978  7.9
0.480000  0.50780361  0.00001014  1.01885075  0.00036977  0.134480  129.9977  7.7
0.485000  0.51289302  0.00001081  1.00671923  0.00032600  0.137426  131.3006  7.6
0.490000  0.51791881  0.00001094  0.99576783  0.00036982  0.140362  132.5872  7.4
0.495000  0.52284834  0.00001018  0.98654256  0.00037150  0.143278  133.8492  7.3
0.500000  0.52775839  0.00001010  0.97508142  0.00031756  0.146206  135.1061  7.2
0.550000  0.57400177  0.00003298  0.88019318  0.00081783  0.175104  146.9445  6.3
0.600000  0.61593171  0.00002841  0.79856597  0.00066990  0.203196  157.6785  5.8
0.650000  0.65411261  0.00002774  0.72972911  0.00061235  0.230179  167.4528  5.5
0.700000  0.68908085  0.00002689  0.66954722  0.00048485  0.255994  176.4047  5.3
0.750000  0.72130353  0.00002633  0.61911007  0.00044991  0.280555  184.6537  5.2
0.800000  0.75105206  0.00002400  0.57319115  0.00039748  0.303822  192.2693  5.1
0.850000  0.77872704  0.00002560  0.53343473  0.00036966  0.325912  199.3541  5.1
0.900000  0.80450826  0.00002283  0.49819315  0.00034611  0.346858  205.9541  5.1
0.950000  0.82864508  0.00002390  0.46603754  0.00027151  0.366676  212.1331  5.0
1.000000  0.85127000  0.00002615  0.43826054  0.00026865  0.385427  217.9251  5.0
1.100000  0.89256003  0.00002157  0.38963748  0.00022000  0.420063  228.4954  5.0
1.200000  0.92940815  0.00002410  0.34875536  0.00018947  0.451254  237.9285  5.0
1.300000  0.96259152  0.00002028  0.31463882  0.00017017  0.479423  246.4234  5.0
1.400000  0.99255577  0.00002534  0.28564572  0.00016128  0.504923  254.0943  5.0
1.500000  1.01987199  0.00002283  0.26082682  0.00013348  0.528120  261.0872  5.0
1.600000  1.04481640  0.00002353  0.23914566  0.00010975  0.549282  267.4730  5.0
1.700000  1.06774695  0.00002415  0.22026958  0.00011523  0.568658  273.3432  5.0
1.800000  1.08894295  0.00002261  0.20364826  0.00010045  0.586505  278.7694  5.0
1.900000  1.10853377  0.00002358  0.18870018  0.00009994  0.602910  283.7846  5.0
2.000000  1.12672883  0.00002320  0.17557554  0.00008167  0.618057  288.4426  5.0
2.500000  1.20145060  0.00002458  0.12730925  0.00005840  0.679378  307.5714  5.0
3.000000  1.25699458  0.00002433  0.09693331  0.00004689  0.723759  321.7906  5.0
3.500000  1.30007075  0.00002401  0.07649152  0.00003468  0.757335  332.8181  5.0
4.000000  1.33441937  0.00002518  0.06193527  0.00002911  0.783599  341.6114  5.0
4.500000  1.36259838  0.00002324  0.05121251  0.00002486  0.804751  348.8252  5.0
5.000000  1.38612098  0.00002306  0.04314774  0.00001941  0.822118  354.8470  5.1
6.000000  1.42321118  0.00008521  0.03188315  0.00004781  0.848940  364.3421  5.1
7.000000  1.45107951  0.00008054  0.02452819  0.00003458  0.868736  371.4764  5.1
8.000000  1.47268569  0.00007903  0.01942493  0.00002952  0.883925  377.0075  5.0
9.000000  1.49033648  0.00008580  0.01579621  0.00002329  0.896005  381.5261  5.1
10.000000  1.50478692  0.00008235  0.01308074  0.00001894  0.905767  385.2255  5.1
15.000000  1.55017439  0.00008120  0.00628102  0.00000939  0.935869  396.8446  5.0
20.000000  1.57426848  0.00008588  0.00367878  0.00000550  0.951391  403.0127  5.0
30.000000  1.59905036  0.00009065  0.00170034  0.00000242  0.967235  409.3569  5.0
40.000000  1.61206048  0.00008631  0.00097828  0.00000141  0.975289  412.6875  5.0
60.000000  1.62514258  0.00009534  0.00044477  0.00000061  0.983458  416.0365  5.0
80.000000  1.63184552  0.00008838  0.00025237  0.00000039  0.987555  417.7525  5.0
100.000000  1.63605162  0.00009685  0.00016318  0.00000025  0.990011  418.8292  5.0
200.000000  1.64412114  0.00008961  0.00004121  0.00000006  0.994995  420.8950  5.0
300.000000  1.64708490  0.00008669  0.00001842  0.00000003  0.996656  421.6537  5.0
400.000000  1.64813141  0.00009553  0.00001040  0.00000002  0.997492  421.9216  5.0
